10, 10, 1, 2977746
10, 10, 2, 3457737
10, 10, 3, 3425478
10, 10, 4, 3189439
10, 10, 5, 3540441
10, 10, 6, 3170236
10, 10, 7, 3890017
10, 10, 8, 3021782
10, 10, 9, 2658385
10, 10, 10, 4039497
10, 10, 11, 4063698
10, 10, 12, 3176857
10, 10, 13, 3665707
10, 10, 14, 3824252
10, 10, 15, 4460876
10, 10, 16, 4144392
10, 10, 17, 4182873
10, 10, 18, 4772203
10, 10, 19, 5006036
10, 10, 20, 5063568
10, 10, 21, 4834442
10, 10, 22, 5320859
10, 10, 23, 5285462
10, 10, 24, 5523929
10, 10, 25, 5445731
10, 10, 26, 5577353
10, 10, 27, 5566798
10, 10, 28, 5757441
10, 10, 29, 5774379
10, 10, 30, 6040264
10, 10, 31, 5419489
10, 10, 32, 5994073
10, 10, 33, 5241362
10, 10, 34, 5383564
10, 10, 35, 5696229
10, 10, 36, 5893599
10, 10, 37, 5631521
10, 10, 38, 6025259
10, 10, 39, 6135570
10, 10, 40, 5043499
10, 10, 41, 6140132
10, 10, 42, 6387539
10, 10, 43, 6570057
10, 10, 44, 6461886
10, 10, 45, 6504354
10, 10, 46, 6758270
10, 10, 47, 6634338
10, 10, 48, 6003858
10, 10, 49, 7128253
10, 10, 50, 6989327
10, 10, 51, 7198190
10, 10, 52, 6366127
10, 10, 53, 6528931
10, 10, 54, 7616919
10, 10, 55, 7463209
10, 10, 56, 7632395
10, 10, 57, 6787931
10, 10, 58, 7406895
10, 10, 59, 6994680
10, 10, 60, 6192274
10, 10, 61, 7378107
10, 10, 62, 7415956
10, 10, 63, 8213210
10, 10, 64, 8262581
10, 10, 65, 8179109
10, 10, 66, 7635952
10, 10, 67, 7321780
10, 10, 68, 6580645
10, 10, 69, 8997987
10, 10, 70, 8323301
10, 10, 71, 9121592
10, 10, 72, 7906907
10, 10, 73, 8998470
10, 10, 74, 8555870
10, 10, 75, 8005758
10, 10, 76, 9031267
10, 10, 77, 8982102
10, 10, 78, 8383386
10, 10, 79, 8794317
10, 10, 80, 9174396
10, 10, 81, 9418428
10, 10, 82, 8962387
10, 10, 83, 9606775
10, 10, 84, 9289246
10, 10, 85, 8811871
10, 10, 86, 9695846
10, 10, 87, 8777174
10, 10, 88, 8143318
10, 10, 89, 9403234
10, 10, 90, 8857797
10, 10, 91, 9411007
10, 10, 92, 9594580
10, 10, 93, 9676825
10, 10, 94, 9006259
10, 10, 95, 9541850
10, 10, 96, 8973895
10, 10, 97, 8261538
10, 10, 98, 9452973
10, 10, 99, 7392163
10, 10, 100, 10133820
10, 10, 101, 9306470
10, 10, 102, 10000592
10, 10, 103, 9947407
10, 10, 104, 10995910
10, 10, 105, 9554946
10, 10, 106, 8950535
10, 10, 107, 8949130
10, 10, 108, 8267734
10, 10, 109, 11105526
10, 10, 110, 12125259
10, 10, 111, 9840729
10, 10, 112, 10913479
10, 100, 1, 3690120
10, 100, 2, 3136510
10, 100, 3, 3313985
10, 100, 4, 2564644
10, 100, 5, 3522183
10, 100, 6, 3617454
10, 100, 7, 3548992
10, 100, 8, 3676762
10, 100, 9, 4022832
10, 100, 10, 4100289
10, 100, 11, 3161430
10, 100, 12, 3981136
10, 100, 13, 4332126
10, 100, 14, 4402628
10, 100, 15, 4556148
10, 100, 16, 4587680
10, 100, 17, 4088571
10, 100, 18, 4607782
10, 100, 19, 4997381
10, 100, 20, 4829537
10, 100, 21, 4710878
10, 100, 22, 5105990
10, 100, 23, 4201917
10, 100, 24, 5703880
10, 100, 25, 5562823
10, 100, 26, 5787262
10, 100, 27, 5465864
10, 100, 28, 5653415
10, 100, 29, 5184663
10, 100, 30, 5317619
10, 100, 31, 5635042
10, 100, 32, 4991581
10, 100, 33, 5500339
10, 100, 34, 5782001
10, 100, 35, 4240923
10, 100, 36, 4062155
10, 100, 37, 6028683
10, 100, 38, 6188878
10, 100, 39, 6321200
10, 100, 40, 6222502
10, 100, 41, 6116533
10, 100, 42, 6955782
10, 100, 43, 6405628
10, 100, 44, 6169098
10, 100, 45, 6738742
10, 100, 46, 6823418
10, 100, 47, 6054965
10, 100, 48, 6632244
10, 100, 49, 6121876
10, 100, 50, 6694014
10, 100, 51, 7087165
10, 100, 52, 7667209
10, 100, 53, 7101476
10, 100, 54, 7602289
10, 100, 55, 7403475
10, 100, 56, 7817031
10, 100, 57, 7727918
10, 100, 58, 7449256
10, 100, 59, 7422598
10, 100, 60, 8333270
10, 100, 61, 7675403
10, 100, 62, 7825370
10, 100, 63, 7797383
10, 100, 64, 7570150
10, 100, 65, 7223229
10, 100, 66, 7746410
10, 100, 67, 8329482
10, 100, 68, 8350678
10, 100, 69, 6547877
10, 100, 70, 8610783
10, 100, 71, 8550284
10, 100, 72, 8927289
10, 100, 73, 8464136
10, 100, 74, 7683999
10, 100, 75, 8799767
10, 100, 76, 8373094
10, 100, 77, 9102908
10, 100, 78, 8793487
10, 100, 79, 8961248
10, 100, 80, 8887474
10, 100, 81, 9040972
10, 100, 82, 5745822
10, 100, 83, 8238933
10, 100, 84, 9267674
10, 100, 85, 9082395
10, 100, 86, 9325107
10, 100, 87, 9855162
10, 100, 88, 8934079
10, 100, 89, 8613164
10, 100, 90, 9269292
10, 100, 91, 9545031
10, 100, 92, 10643107
10, 100, 93, 9995780
10, 100, 94, 8961199
10, 100, 95, 9581001
10, 100, 96, 7142180
10, 100, 97, 10091441
10, 100, 98, 6055750
10, 100, 99, 5828475
10, 100, 100, 10343479
10, 100, 101, 9604042
10, 100, 102, 7930599
10, 100, 103, 9519882
10, 100, 104, 10389439
10, 100, 105, 9644959
10, 100, 106, 10620296
10, 100, 107, 10325619
10, 100, 108, 10686396
10, 100, 109, 7979427
10, 100, 110, 9519097
10, 100, 111, 10539827
10, 100, 112, 8847410
10, 1000, 1, 16420082
10, 1000, 2, 10878530
10, 1000, 3, 7610081
10, 1000, 4, 5777456
10, 1000, 5, 4624939
10, 1000, 6, 4141695
10, 1000, 7, 3609285
10, 1000, 8, 4126641
10, 1000, 9, 3790998
10, 1000, 10, 4556800
10, 1000, 11, 3510846
10, 1000, 12, 4511948
10, 1000, 13, 4671192
10, 1000, 14, 5081123
10, 1000, 15, 4349879
10, 1000, 16, 5113405
10, 1000, 17, 4978292
10, 1000, 18, 4325520
10, 1000, 19, 5996524
10, 1000, 20, 5480073
10, 1000, 21, 5337417
10, 1000, 22, 5621452
10, 1000, 23, 5699253
10, 1000, 24, 5818330
10, 1000, 25, 6091336
10, 1000, 26, 5777507
10, 1000, 27, 6254022
10, 1000, 28, 5219210
10, 1000, 29, 5781875
10, 1000, 30, 6001112
10, 1000, 31, 4761870
10, 1000, 32, 5939895
10, 1000, 33, 6637896
10, 1000, 34, 6719111
10, 1000, 35, 6970664
10, 1000, 36, 6111409
10, 1000, 37, 6043734
10, 1000, 38, 5715395
10, 1000, 39, 6525383
10, 1000, 40, 5109729
10, 1000, 41, 4761692
10, 1000, 42, 6537720
10, 1000, 43, 6359215
10, 1000, 44, 5992133
10, 1000, 45, 6701800
10, 1000, 46, 6399567
10, 1000, 47, 6888142
10, 1000, 48, 6690585
10, 1000, 49, 7325293
10, 1000, 50, 7351399
10, 1000, 51, 7667822
10, 1000, 52, 7197824
10, 1000, 53, 7897492
10, 1000, 54, 8011236
10, 1000, 55, 6266744
10, 1000, 56, 7191596
10, 1000, 57, 7385154
10, 1000, 58, 7665582
10, 1000, 59, 7798462
10, 1000, 60, 6885010
10, 1000, 61, 8201673
10, 1000, 62, 7838347
10, 1000, 63, 7832863
10, 1000, 64, 7565057
10, 1000, 65, 8273025
10, 1000, 66, 7960019
10, 1000, 67, 8082892
10, 1000, 68, 8627700
10, 1000, 69, 9068689
10, 1000, 70, 8550699
10, 1000, 71, 8531412
10, 1000, 72, 8962189
10, 1000, 73, 9297701
10, 1000, 74, 8711326
10, 1000, 75, 9062068
10, 1000, 76, 9132763
10, 1000, 77, 9147733
10, 1000, 78, 8781445
10, 1000, 79, 9016783
10, 1000, 80, 8045875
10, 1000, 81, 9192171
10, 1000, 82, 7825723
10, 1000, 83, 7426168
10, 1000, 84, 9118562
10, 1000, 85, 9867511
10, 1000, 86, 10018575
10, 1000, 87, 9431964
10, 1000, 88, 9930103
10, 1000, 89, 9771045
10, 1000, 90, 9009412
10, 1000, 91, 9107978
10, 1000, 92, 8807785
10, 1000, 93, 10073346
10, 1000, 94, 9110737
10, 1000, 95, 10243726
10, 1000, 96, 8521591
10, 1000, 97, 8630855
10, 1000, 98, 9819260
10, 1000, 99, 8139100
10, 1000, 100, 10483902
10, 1000, 101, 11494354
10, 1000, 102, 11138455
10, 1000, 103, 9304115
10, 1000, 104, 10336553
10, 1000, 105, 10884912
10, 1000, 106, 10548050
10, 1000, 107, 11464067
10, 1000, 108, 10498463
10, 1000, 109, 11168257
10, 1000, 110, 10297294
10, 1000, 111, 11276168
10, 1000, 112, 10449786
10, 10000, 1, 64205315
10, 10000, 2, 39213364
10, 10000, 3, 30269799
10, 10000, 4, 22300206
10, 10000, 5, 21758491
10, 10000, 6, 14187823
10, 10000, 7, 10206952
10, 10000, 8, 12809991
10, 10000, 9, 10479015
10, 10000, 10, 11327638
10, 10000, 11, 9947503
10, 10000, 12, 8789579
10, 10000, 13, 7683132
10, 10000, 14, 10310608
10, 10000, 15, 9309608
10, 10000, 16, 12267940
10, 10000, 17, 9973400
10, 10000, 18, 13077602
10, 10000, 19, 12132417
10, 10000, 20, 9121433
10, 10000, 21, 9452131
10, 10000, 22, 10868248
10, 10000, 23, 12530912
10, 10000, 24, 10213753
10, 10000, 25, 10955336
10, 10000, 26, 12605898
10, 10000, 27, 10194457
10, 10000, 28, 11181296
10, 10000, 29, 13371503
10, 10000, 30, 14273043
10, 10000, 31, 13173035
10, 10000, 32, 11998390
10, 10000, 33, 13257915
10, 10000, 34, 13032106
10, 10000, 35, 12671437
10, 10000, 36, 13468876
10, 10000, 37, 13259531
10, 10000, 38, 14221633
10, 10000, 39, 13932958
10, 10000, 40, 14584898
10, 10000, 41, 13939273
10, 10000, 42, 13817918
10, 10000, 43, 13360620
10, 10000, 44, 15500341
10, 10000, 45, 12936298
10, 10000, 46, 14744339
10, 10000, 47, 13953698
10, 10000, 48, 16723185
10, 10000, 49, 16885579
10, 10000, 50, 16740160
10, 10000, 51, 15431044
10, 10000, 52, 15337955
10, 10000, 53, 15759171
10, 10000, 54, 15128522
10, 10000, 55, 13625361
10, 10000, 56, 15294404
10, 10000, 57, 14690835
10, 10000, 58, 15181711
10, 10000, 59, 17931378
10, 10000, 60, 15325713
10, 10000, 61, 14559976
10, 10000, 62, 14111914
10, 10000, 63, 16859957
10, 10000, 64, 16687625
10, 10000, 65, 15775027
10, 10000, 66, 14544169
10, 10000, 67, 17289570
10, 10000, 68, 15484164
10, 10000, 69, 18625002
10, 10000, 70, 17305729
10, 10000, 71, 17944416
10, 10000, 72, 16193315
10, 10000, 73, 17506249
10, 10000, 74, 14892448
10, 10000, 75, 18035899
10, 10000, 76, 15779929
10, 10000, 77, 16493784
10, 10000, 78, 15005728
10, 10000, 79, 17191258
10, 10000, 80, 14758115
10, 10000, 81, 15296648
10, 10000, 82, 15336849
10, 10000, 83, 16190183
10, 10000, 84, 15758389
10, 10000, 85, 16070457
10, 10000, 86, 15185498
10, 10000, 87, 18827002
10, 10000, 88, 16217119
10, 10000, 89, 17530662
10, 10000, 90, 17008750
10, 10000, 91, 17427297
10, 10000, 92, 18498469
10, 10000, 93, 19334730
10, 10000, 94, 16111583
10, 10000, 95, 17514682
10, 10000, 96, 16511516
10, 10000, 97, 16745464
10, 10000, 98, 16552147
10, 10000, 99, 15739252
10, 10000, 100, 14652544
10, 10000, 101, 18889029
10, 10000, 102, 16815027
10, 10000, 103, 18659292
10, 10000, 104, 18219312
10, 10000, 105, 17122008
10, 10000, 106, 17111314
10, 10000, 107, 18396924
10, 10000, 108, 17861346
10, 10000, 109, 16741236
10, 10000, 110, 16891354
10, 10000, 111, 17174963
10, 10000, 112, 19220286
10, 100000, 1, 515197439
10, 100000, 2, 265921456
10, 100000, 3, 183185057
10, 100000, 4, 139427491
10, 100000, 5, 107858611
10, 100000, 6, 99224323
10, 100000, 7, 83263234
10, 100000, 8, 75249135
10, 100000, 9, 65652985
10, 100000, 10, 62080010
10, 100000, 11, 55390371
10, 100000, 12, 54876055
10, 100000, 13, 53002957
10, 100000, 14, 55330300
10, 100000, 15, 53778139
10, 100000, 16, 54317022
10, 100000, 17, 54240174
10, 100000, 18, 51895708
10, 100000, 19, 54069818
10, 100000, 20, 51212102
10, 100000, 21, 52571288
10, 100000, 22, 52864207
10, 100000, 23, 50742816
10, 100000, 24, 52090453
10, 100000, 25, 52089077
10, 100000, 26, 51663868
10, 100000, 27, 57763983
10, 100000, 28, 54441476
10, 100000, 29, 53816362
10, 100000, 30, 57868120
10, 100000, 31, 59055239
10, 100000, 32, 61223908
10, 100000, 33, 57363244
10, 100000, 34, 56395459
10, 100000, 35, 53378491
10, 100000, 36, 57566789
10, 100000, 37, 59554452
10, 100000, 38, 62414671
10, 100000, 39, 62747910
10, 100000, 40, 56437081
10, 100000, 41, 57483149
10, 100000, 42, 59710347
10, 100000, 43, 59164275
10, 100000, 44, 58408054
10, 100000, 45, 62159455
10, 100000, 46, 61948179
10, 100000, 47, 60598841
10, 100000, 48, 61452316
10, 100000, 49, 60328526
10, 100000, 50, 64870235
10, 100000, 51, 65160973
10, 100000, 52, 62305608
10, 100000, 53, 60405494
10, 100000, 54, 64799211
10, 100000, 55, 60270926
10, 100000, 56, 61766357
10, 100000, 57, 62798509
10, 100000, 58, 61000410
10, 100000, 59, 61375095
10, 100000, 60, 57822361
10, 100000, 61, 57597858
10, 100000, 62, 59776509
10, 100000, 63, 57967702
10, 100000, 64, 55936275
10, 100000, 65, 53914205
10, 100000, 66, 58478787
10, 100000, 67, 57582986
10, 100000, 68, 59621991
10, 100000, 69, 59988216
10, 100000, 70, 58220506
10, 100000, 71, 57090958
10, 100000, 72, 56059959
10, 100000, 73, 61950629
10, 100000, 74, 61134982
10, 100000, 75, 52652784
10, 100000, 76, 56077301
10, 100000, 77, 58265965
10, 100000, 78, 63123049
10, 100000, 79, 57765644
10, 100000, 80, 59110563
10, 100000, 81, 57806564
10, 100000, 82, 58969332
10, 100000, 83, 60065684
10, 100000, 84, 58309832
10, 100000, 85, 58782839
10, 100000, 86, 59962120
10, 100000, 87, 56514518
10, 100000, 88, 57521247
10, 100000, 89, 59915942
10, 100000, 90, 60819049
10, 100000, 91, 60277952
10, 100000, 92, 58153801
10, 100000, 93, 59992246
10, 100000, 94, 59092292
10, 100000, 95, 55538211
10, 100000, 96, 63163803
10, 100000, 97, 64549507
10, 100000, 98, 59970451
10, 100000, 99, 55605181
10, 100000, 100, 55242497
10, 100000, 101, 57066152
10, 100000, 102, 59235884
10, 100000, 103, 55836094
10, 100000, 104, 65313509
10, 100000, 105, 64629378
10, 100000, 106, 59316475
10, 100000, 107, 60981244
10, 100000, 108, 55349518
10, 100000, 109, 54177984
10, 100000, 110, 56825903
10, 100000, 111, 59016474
10, 100000, 112, 60698018
100, 10, 1, 8704121
100, 10, 2, 14539145
100, 10, 3, 14400292
100, 10, 4, 14799061
100, 10, 5, 19010904
100, 10, 6, 17658153
100, 10, 7, 19393389
100, 10, 8, 20059217
100, 10, 9, 21852647
100, 10, 10, 20923141
100, 10, 11, 19498603
100, 10, 12, 20258547
100, 10, 13, 20886525
100, 10, 14, 19403285
100, 10, 15, 20129767
100, 10, 16, 20110979
100, 10, 17, 21167864
100, 10, 18, 20693989
100, 10, 19, 20821356
100, 10, 20, 21335703
100, 10, 21, 22574830
100, 10, 22, 21809576
100, 10, 23, 21694333
100, 10, 24, 23149504
100, 10, 25, 23518880
100, 10, 26, 22083343
100, 10, 27, 21853223
100, 10, 28, 23634667
100, 10, 29, 23066536
100, 10, 30, 22547324
100, 10, 31, 24753956
100, 10, 32, 23990417
100, 10, 33, 22926710
100, 10, 34, 22972208
100, 10, 35, 24399892
100, 10, 36, 24597225
100, 10, 37, 24386576
100, 10, 38, 24919345
100, 10, 39, 24000962
100, 10, 40, 24193301
100, 10, 41, 25495240
100, 10, 42, 24945519
100, 10, 43, 25510075
100, 10, 44, 26471388
100, 10, 45, 25426482
100, 10, 46, 26266881
100, 10, 47, 25495110
100, 10, 48, 23078886
100, 10, 49, 26698564
100, 10, 50, 25360827
100, 10, 51, 25496011
100, 10, 52, 26142872
100, 10, 53, 26460106
100, 10, 54, 29271797
100, 10, 55, 30773000
100, 10, 56, 25570253
100, 10, 57, 27578687
100, 10, 58, 27571352
100, 10, 59, 25851579
100, 10, 60, 26866448
100, 10, 61, 27844248
100, 10, 62, 25297153
100, 10, 63, 25955921
100, 10, 64, 26487833
100, 10, 65, 30485858
100, 10, 66, 32571219
100, 10, 67, 31146263
100, 10, 68, 30221799
100, 10, 69, 29690240
100, 10, 70, 26388490
100, 10, 71, 26875945
100, 10, 72, 28392777
100, 10, 73, 26504920
100, 10, 74, 26897418
100, 10, 75, 27260997
100, 10, 76, 27435924
100, 10, 77, 26738913
100, 10, 78, 26373431
100, 10, 79, 31950545
100, 10, 80, 28848083
100, 10, 81, 30243600
100, 10, 82, 32069382
100, 10, 83, 31428477
100, 10, 84, 25438507
100, 10, 85, 33341978
100, 10, 86, 26927033
100, 10, 87, 31651924
100, 10, 88, 26114867
100, 10, 89, 27606506
100, 10, 90, 32788172
100, 10, 91, 31952526
100, 10, 92, 30805485
100, 10, 93, 27935485
100, 10, 94, 28016802
100, 10, 95, 26129889
100, 10, 96, 30288179
100, 10, 97, 35099995
100, 10, 98, 32747931
100, 10, 99, 32005559
100, 10, 100, 30659337
100, 10, 101, 28944132
100, 10, 102, 31307438
100, 10, 103, 33504076
100, 10, 104, 31338035
100, 10, 105, 31379815
100, 10, 106, 33239728
100, 10, 107, 33481270
100, 10, 108, 27133912
100, 10, 109, 27329071
100, 10, 110, 31415403
100, 10, 111, 26032134
100, 10, 112, 26517283
100, 100, 1, 23183502
100, 100, 2, 17506420
100, 100, 3, 16281655
100, 100, 4, 14827070
100, 100, 5, 19210667
100, 100, 6, 18348650
100, 100, 7, 18341920
100, 100, 8, 17992121
100, 100, 9, 21141620
100, 100, 10, 20810978
100, 100, 11, 22438274
100, 100, 12, 21511004
100, 100, 13, 17771316
100, 100, 14, 21502689
100, 100, 15, 20163663
100, 100, 16, 19881999
100, 100, 17, 20605791
100, 100, 18, 21582952
100, 100, 19, 21189948
100, 100, 20, 23269496
100, 100, 21, 22236732
100, 100, 22, 22101983
100, 100, 23, 20744855
100, 100, 24, 21675606
100, 100, 25, 24151621
100, 100, 26, 21786458
100, 100, 27, 21693398
100, 100, 28, 25417904
100, 100, 29, 22889847
100, 100, 30, 23295076
100, 100, 31, 22180409
100, 100, 32, 22156366
100, 100, 33, 24187424
100, 100, 34, 24132542
100, 100, 35, 23451136
100, 100, 36, 24607761
100, 100, 37, 24110696
100, 100, 38, 26161388
100, 100, 39, 24659960
100, 100, 40, 25175638
100, 100, 41, 23859090
100, 100, 42, 25669315
100, 100, 43, 24227951
100, 100, 44, 23900988
100, 100, 45, 25537986
100, 100, 46, 25225725
100, 100, 47, 24049398
100, 100, 48, 26434314
100, 100, 49, 26027416
100, 100, 50, 32440539
100, 100, 51, 24786231
100, 100, 52, 25570774
100, 100, 53, 32350266
100, 100, 54, 25741384
100, 100, 55, 26412019
100, 100, 56, 30922040
100, 100, 57, 26875697
100, 100, 58, 25629491
100, 100, 59, 31829819
100, 100, 60, 27204720
100, 100, 61, 25502724
100, 100, 62, 25190769
100, 100, 63, 25362016
100, 100, 64, 25946524
100, 100, 65, 26660447
100, 100, 66, 27307941
100, 100, 67, 32938579
100, 100, 68, 26565715
100, 100, 69, 29820276
100, 100, 70, 26400293
100, 100, 71, 26943881
100, 100, 72, 26660025
100, 100, 73, 24986346
100, 100, 74, 28174867
100, 100, 75, 26047552
100, 100, 76, 32061605
100, 100, 77, 30527594
100, 100, 78, 31487110
100, 100, 79, 31388060
100, 100, 80, 27029999
100, 100, 81, 26766174
100, 100, 82, 27117092
100, 100, 83, 27300988
100, 100, 84, 27090396
100, 100, 85, 31365740
100, 100, 86, 26863213
100, 100, 87, 32104194
100, 100, 88, 26092802
100, 100, 89, 27395693
100, 100, 90, 27468279
100, 100, 91, 33332067
100, 100, 92, 31664742
100, 100, 93, 33396422
100, 100, 94, 32394986
100, 100, 95, 31490810
100, 100, 96, 26657104
100, 100, 97, 31639771
100, 100, 98, 35371830
100, 100, 99, 27338311
100, 100, 100, 32036075
100, 100, 101, 30609463
100, 100, 102, 27657749
100, 100, 103, 31958971
100, 100, 104, 32412036
100, 100, 105, 27435838
100, 100, 106, 28235228
100, 100, 107, 26949996
100, 100, 108, 27103087
100, 100, 109, 33228354
100, 100, 110, 33004237
100, 100, 111, 32842268
100, 100, 112, 34039940
100, 1000, 1, 68872056
100, 1000, 2, 40308871
100, 1000, 3, 30629279
100, 1000, 4, 22334899
100, 1000, 5, 23502979
100, 1000, 6, 19473159
100, 1000, 7, 19918564
100, 1000, 8, 17839152
100, 1000, 9, 17994878
100, 1000, 10, 14485221
100, 1000, 11, 15734190
100, 1000, 12, 13365869
100, 1000, 13, 14431378
100, 1000, 14, 14475684
100, 1000, 15, 16162896
100, 1000, 16, 20644078
100, 1000, 17, 19578992
100, 1000, 18, 20504045
100, 1000, 19, 21144647
100, 1000, 20, 20618135
100, 1000, 21, 19247951
100, 1000, 22, 20259618
100, 1000, 23, 20391540
100, 1000, 24, 19384412
100, 1000, 25, 20182457
100, 1000, 26, 19858510
100, 1000, 27, 20907205
100, 1000, 28, 20599190
100, 1000, 29, 21515090
100, 1000, 30, 21450856
100, 1000, 31, 21927295
100, 1000, 32, 23350018
100, 1000, 33, 23443873
100, 1000, 34, 22279363
100, 1000, 35, 24397807
100, 1000, 36, 25183682
100, 1000, 37, 24449220
100, 1000, 38, 24966620
100, 1000, 39, 23990690
100, 1000, 40, 23032696
100, 1000, 41, 25869872
100, 1000, 42, 23758517
100, 1000, 43, 24973569
100, 1000, 44, 25685632
100, 1000, 45, 25172568
100, 1000, 46, 25441925
100, 1000, 47, 26641315
100, 1000, 48, 25633104
100, 1000, 49, 25563704
100, 1000, 50, 25338313
100, 1000, 51, 26877558
100, 1000, 52, 27357053
100, 1000, 53, 25748837
100, 1000, 54, 26636594
100, 1000, 55, 25752938
100, 1000, 56, 26553898
100, 1000, 57, 30152338
100, 1000, 58, 25928957
100, 1000, 59, 26357026
100, 1000, 60, 25252852
100, 1000, 61, 30133827
100, 1000, 62, 29804726
100, 1000, 63, 31150963
100, 1000, 64, 26546154
100, 1000, 65, 27383191
100, 1000, 66, 29596347
100, 1000, 67, 30145483
100, 1000, 68, 27973136
100, 1000, 69, 32653879
100, 1000, 70, 25944726
100, 1000, 71, 31286915
100, 1000, 72, 24752302
100, 1000, 73, 30655949
100, 1000, 74, 25945112
100, 1000, 75, 27358846
100, 1000, 76, 31936938
100, 1000, 77, 26536546
100, 1000, 78, 32589795
100, 1000, 79, 28036663
100, 1000, 80, 30896555
100, 1000, 81, 31913547
100, 1000, 82, 28043722
100, 1000, 83, 27331989
100, 1000, 84, 32128412
100, 1000, 85, 26062112
100, 1000, 86, 33082374
100, 1000, 87, 31737528
100, 1000, 88, 34128801
100, 1000, 89, 33167120
100, 1000, 90, 31130304
100, 1000, 91, 27230802
100, 1000, 92, 32019275
100, 1000, 93, 31553266
100, 1000, 94, 28094147
100, 1000, 95, 32525381
100, 1000, 96, 31093975
100, 1000, 97, 27996503
100, 1000, 98, 27235156
100, 1000, 99, 33938746
100, 1000, 100, 26404886
100, 1000, 101, 31651771
100, 1000, 102, 33571689
100, 1000, 103, 28502240
100, 1000, 104, 27657290
100, 1000, 105, 27788483
100, 1000, 106, 28258405
100, 1000, 107, 32942872
100, 1000, 108, 34876808
100, 1000, 109, 28154950
100, 1000, 110, 33311012
100, 1000, 111, 33754111
100, 1000, 112, 32365558
100, 10000, 1, 509276690
100, 10000, 2, 270860412
100, 10000, 3, 175700096
100, 10000, 4, 139557227
100, 10000, 5, 111173799
100, 10000, 6, 99629240
100, 10000, 7, 85164574
100, 10000, 8, 79963654
100, 10000, 9, 69930852
100, 10000, 10, 56735339
100, 10000, 11, 52910807
100, 10000, 12, 48214614
100, 10000, 13, 43206575
100, 10000, 14, 53853836
100, 10000, 15, 48987910
100, 10000, 16, 42273679
100, 10000, 17, 38023383
100, 10000, 18, 36926018
100, 10000, 19, 33910277
100, 10000, 20, 38317169
100, 10000, 21, 36148900
100, 10000, 22, 35345481
100, 10000, 23, 33487838
100, 10000, 24, 32272454
100, 10000, 25, 30323237
100, 10000, 26, 28939854
100, 10000, 27, 25915882
100, 10000, 28, 25079787
100, 10000, 29, 25369398
100, 10000, 30, 25520862
100, 10000, 31, 24310407
100, 10000, 32, 23786547
100, 10000, 33, 23650185
100, 10000, 34, 23861291
100, 10000, 35, 22618524
100, 10000, 36, 23504634
100, 10000, 37, 22030096
100, 10000, 38, 22097949
100, 10000, 39, 21980477
100, 10000, 40, 21558868
100, 10000, 41, 21850974
100, 10000, 42, 21211569
100, 10000, 43, 21337707
100, 10000, 44, 22120888
100, 10000, 45, 20641634
100, 10000, 46, 20410082
100, 10000, 47, 20699294
100, 10000, 48, 21715038
100, 10000, 49, 20305343
100, 10000, 50, 20231103
100, 10000, 51, 22686854
100, 10000, 52, 21957265
100, 10000, 53, 19858341
100, 10000, 54, 19355826
100, 10000, 55, 19814083
100, 10000, 56, 26106229
100, 10000, 57, 24787932
100, 10000, 58, 24258277
100, 10000, 59, 29264499
100, 10000, 60, 25887453
100, 10000, 61, 26662778
100, 10000, 62, 27631691
100, 10000, 63, 30661623
100, 10000, 64, 27750185
100, 10000, 65, 26276378
100, 10000, 66, 26466461
100, 10000, 67, 27499726
100, 10000, 68, 27481952
100, 10000, 69, 27181824
100, 10000, 70, 27159588
100, 10000, 71, 27348883
100, 10000, 72, 27343310
100, 10000, 73, 27471152
100, 10000, 74, 26922779
100, 10000, 75, 27491888
100, 10000, 76, 27950715
100, 10000, 77, 26801920
100, 10000, 78, 27049961
100, 10000, 79, 27211795
100, 10000, 80, 27603126
100, 10000, 81, 27424511
100, 10000, 82, 26834587
100, 10000, 83, 27511206
100, 10000, 84, 26560374
100, 10000, 85, 27740108
100, 10000, 86, 27472005
100, 10000, 87, 27422320
100, 10000, 88, 27582834
100, 10000, 89, 27629359
100, 10000, 90, 29184013
100, 10000, 91, 26985846
100, 10000, 92, 27651537
100, 10000, 93, 28039185
100, 10000, 94, 29743539
100, 10000, 95, 28112117
100, 10000, 96, 26963140
100, 10000, 97, 26619198
100, 10000, 98, 28625545
100, 10000, 99, 27359015
100, 10000, 100, 29439802
100, 10000, 101, 27659795
100, 10000, 102, 26766014
100, 10000, 103, 30957015
100, 10000, 104, 28508158
100, 10000, 105, 28367633
100, 10000, 106, 27444473
100, 10000, 107, 25865514
100, 10000, 108, 28692762
100, 10000, 109, 26881487
100, 10000, 110, 27781355
100, 10000, 111, 28280011
100, 10000, 112, 28215809
