Tasks, Cycles, Workers, Time
10, 10, 1, 3049213
10, 10, 2, 3250261
10, 10, 3, 3580546
10, 10, 4, 2536244
10, 10, 5, 2506394
10, 10, 6, 3509999
10, 10, 7, 2493983
10, 10, 8, 3860109
10, 10, 9, 2560019
10, 10, 10, 4111605
10, 10, 11, 3098818
10, 10, 12, 4389627
10, 10, 13, 3941768
10, 10, 14, 4770190
10, 10, 15, 4607177
10, 10, 16, 4606422
10, 10, 17, 3545111
10, 10, 18, 3864750
10, 10, 19, 5048495
10, 10, 20, 4014392
10, 10, 21, 5138169
10, 10, 22, 3872505
10, 10, 23, 4758412
10, 10, 24, 5318610
10, 10, 25, 5738726
10, 10, 26, 5555994
10, 10, 27, 5736170
10, 10, 28, 4687357
10, 10, 29, 3511361
10, 10, 30, 3617106
10, 10, 31, 4011044
10, 10, 32, 3138025
10, 10, 33, 3571942
10, 10, 34, 3287959
10, 10, 35, 5581795
10, 10, 36, 3873689
10, 10, 37, 5081962
10, 10, 38, 5936167
10, 10, 39, 4812447
10, 10, 40, 5645552
10, 10, 41, 6008701
10, 10, 42, 6219640
10, 10, 43, 6617894
10, 10, 44, 6371532
10, 10, 45, 5772312
10, 10, 46, 6904689
10, 10, 47, 7131770
10, 10, 48, 5953989
10, 10, 49, 6912750
10, 10, 50, 7105291
10, 10, 51, 6950809
10, 10, 52, 6761675
10, 10, 53, 5615948
10, 10, 54, 4995443
10, 10, 55, 7092812
10, 10, 56, 4797970
10, 10, 57, 5374590
10, 10, 58, 7418360
10, 10, 59, 7957841
10, 10, 60, 7299361
10, 10, 61, 7449233
10, 10, 62, 7528712
10, 10, 63, 8136955
10, 10, 64, 7490267
10, 10, 65, 7959301
10, 10, 66, 6361776
10, 10, 67, 8466495
10, 10, 68, 7206473
10, 10, 69, 8427134
10, 10, 70, 7096152
10, 10, 71, 8685925
10, 10, 72, 8762026
10, 10, 73, 7589328
10, 10, 74, 8618722
10, 10, 75, 7451883
10, 10, 76, 7795025
10, 10, 77, 7661049
10, 10, 78, 8894686
10, 10, 79, 8566646
10, 10, 80, 8414284
10, 10, 81, 8496061
10, 10, 82, 8906513
10, 10, 83, 9254398
10, 10, 84, 8857076
10, 10, 85, 7767958
10, 10, 86, 9281781
10, 10, 87, 9945302
10, 10, 88, 7358410
10, 10, 89, 9345987
10, 10, 90, 9506341
10, 10, 91, 8307161
10, 10, 92, 9645426
10, 10, 93, 9693401
10, 10, 94, 8689786
10, 10, 95, 9592937
10, 10, 96, 9849893
10, 10, 97, 9492077
10, 10, 98, 9967391
10, 10, 99, 10119156
10, 10, 100, 9452731
10, 10, 101, 10469789
10, 10, 102, 10633029
10, 10, 103, 10688134
10, 10, 104, 9984059
10, 10, 105, 10899970
10, 10, 106, 9383884
10, 10, 107, 10184018
10, 10, 108, 9088438
10, 10, 109, 10557236
10, 10, 110, 11229817
10, 10, 111, 10351899
10, 10, 112, 10982723
10, 100, 1, 4368394
10, 100, 2, 3137724
10, 100, 3, 3337411
10, 100, 4, 3526086
10, 100, 5, 3415667
10, 100, 6, 3605086
10, 100, 7, 3669157
10, 100, 8, 3802246
10, 100, 9, 2707884
10, 100, 10, 3883137
10, 100, 11, 3298040
10, 100, 12, 2878970
10, 100, 13, 4425894
10, 100, 14, 3546648
10, 100, 15, 3139182
10, 100, 16, 4471666
10, 100, 17, 3599220
10, 100, 18, 4856733
10, 100, 19, 5053550
10, 100, 20, 3963926
10, 100, 21, 4949163
10, 100, 22, 4613643
10, 100, 23, 5601509
10, 100, 24, 5190862
10, 100, 25, 5542568
10, 100, 26, 5247331
10, 100, 27, 5656567
10, 100, 28, 5407482
10, 100, 29, 5572047
10, 100, 30, 5104536
10, 100, 31, 4653872
10, 100, 32, 4631207
10, 100, 33, 5852508
10, 100, 34, 5888124
10, 100, 35, 5794676
10, 100, 36, 6078349
10, 100, 37, 6244777
10, 100, 38, 6321233
10, 100, 39, 6168429
10, 100, 40, 6073247
10, 100, 41, 6375535
10, 100, 42, 6378914
10, 100, 43, 4986037
10, 100, 44, 6455204
10, 100, 45, 4414454
10, 100, 46, 6919681
10, 100, 47, 4185931
10, 100, 48, 6448263
10, 100, 49, 6816217
10, 100, 50, 5987215
10, 100, 51, 6594133
10, 100, 52, 6933859
10, 100, 53, 7262565
10, 100, 54, 7852134
10, 100, 55, 7848371
10, 100, 56, 7298036
10, 100, 57, 7679290
10, 100, 58, 7700138
10, 100, 59, 7392703
10, 100, 60, 8245886
10, 100, 61, 7844274
10, 100, 62, 8701506
10, 100, 63, 7281992
10, 100, 64, 8068227
10, 100, 65, 8439996
10, 100, 66, 6069598
10, 100, 67, 8227610
10, 100, 68, 5807834
10, 100, 69, 8357972
10, 100, 70, 8289948
10, 100, 71, 7983196
10, 100, 72, 8475287
10, 100, 73, 8350049
10, 100, 74, 8412622
10, 100, 75, 8109316
10, 100, 76, 6870994
10, 100, 77, 8473380
10, 100, 78, 7876421
10, 100, 79, 9337107
10, 100, 80, 8751094
10, 100, 81, 8782427
10, 100, 82, 8892168
10, 100, 83, 7847473
10, 100, 84, 8781003
10, 100, 85, 8526072
10, 100, 86, 9057268
10, 100, 87, 7464368
10, 100, 88, 5834264
10, 100, 89, 9347888
10, 100, 90, 8871966
10, 100, 91, 9942139
10, 100, 92, 8161639
10, 100, 93, 9451459
10, 100, 94, 9813794
10, 100, 95, 10327525
10, 100, 96, 9650813
10, 100, 97, 10430617
10, 100, 98, 8585598
10, 100, 99, 9501259
10, 100, 100, 8181493
10, 100, 101, 10295695
10, 100, 102, 8151687
10, 100, 103, 7294921
10, 100, 104, 10379173
10, 100, 105, 9240297
10, 100, 106, 9633439
10, 100, 107, 11269077
10, 100, 108, 9930246
10, 100, 109, 11116768
10, 100, 110, 10228347
10, 100, 111, 11042270
10, 100, 112, 8629904
10, 1000, 1, 17379054
10, 1000, 2, 10848424
10, 1000, 3, 5679687
10, 1000, 4, 5453072
10, 1000, 5, 4043907
10, 1000, 6, 3712109
10, 1000, 7, 3810536
10, 1000, 8, 4179740
10, 1000, 9, 4396382
10, 1000, 10, 3444983
10, 1000, 11, 4530275
10, 1000, 12, 4655283
10, 1000, 13, 4713310
10, 1000, 14, 4168137
10, 1000, 15, 5023334
10, 1000, 16, 5040356
10, 1000, 17, 4204277
10, 1000, 18, 5408025
10, 1000, 19, 5321285
10, 1000, 20, 5197047
10, 1000, 21, 5346515
10, 1000, 22, 5373665
10, 1000, 23, 4342131
10, 1000, 24, 5269437
10, 1000, 25, 4029773
10, 1000, 26, 5691991
10, 1000, 27, 5225589
10, 1000, 28, 5970931
10, 1000, 29, 5410796
10, 1000, 30, 5733433
10, 1000, 31, 6078623
10, 1000, 32, 4817745
10, 1000, 33, 6332688
10, 1000, 34, 6183255
10, 1000, 35, 4980291
10, 1000, 36, 6098448
10, 1000, 37, 5000322
10, 1000, 38, 6304009
10, 1000, 39, 6339698
10, 1000, 40, 6334667
10, 1000, 41, 6526469
10, 1000, 42, 6649874
10, 1000, 43, 6433553
10, 1000, 44, 6913987
10, 1000, 45, 6638855
10, 1000, 46, 5843677
10, 1000, 47, 7019726
10, 1000, 48, 5479235
10, 1000, 49, 6775900
10, 1000, 50, 5960421
10, 1000, 51, 6823378
10, 1000, 52, 5751081
10, 1000, 53, 7227213
10, 1000, 54, 6105620
10, 1000, 55, 7403094
10, 1000, 56, 7859573
10, 1000, 57, 7005647
10, 1000, 58, 8033424
10, 1000, 59, 7330568
10, 1000, 60, 8758709
10, 1000, 61, 8250780
10, 1000, 62, 8164016
10, 1000, 63, 7792370
10, 1000, 64, 7796005
10, 1000, 65, 7627977
10, 1000, 66, 8122804
10, 1000, 67, 9368029
10, 1000, 68, 8403356
10, 1000, 69, 5698841
10, 1000, 70, 8117024
10, 1000, 71, 8260921
10, 1000, 72, 8823819
10, 1000, 73, 8802217
10, 1000, 74, 8540024
10, 1000, 75, 8185234
10, 1000, 76, 8714267
10, 1000, 77, 8773199
10, 1000, 78, 8930576
10, 1000, 79, 8960666
10, 1000, 80, 9048898
10, 1000, 81, 9177113
10, 1000, 82, 9758191
10, 1000, 83, 9425929
10, 1000, 84, 8853274
10, 1000, 85, 10145376
10, 1000, 86, 9925672
10, 1000, 87, 9280228
10, 1000, 88, 9100749
10, 1000, 89, 10069702
10, 1000, 90, 9307752
10, 1000, 91, 10074121
10, 1000, 92, 8598059
10, 1000, 93, 8595165
10, 1000, 94, 10475082
10, 1000, 95, 10122414
10, 1000, 96, 8857396
10, 1000, 97, 10572828
10, 1000, 98, 11018493
10, 1000, 99, 7931656
10, 1000, 100, 10667624
10, 1000, 101, 9669241
10, 1000, 102, 8526364
10, 1000, 103, 8551493
10, 1000, 104, 11453876
10, 1000, 105, 9611370
10, 1000, 106, 11030648
10, 1000, 107, 10858087
10, 1000, 108, 11211389
10, 1000, 109, 9662582
10, 1000, 110, 8137160
10, 1000, 111, 8140091
10, 1000, 112, 11040132
10, 10000, 1, 59992584
10, 10000, 2, 38379314
10, 10000, 3, 29725676
10, 10000, 4, 21261403
10, 10000, 5, 15821719
10, 10000, 6, 21673742
10, 10000, 7, 16776701
10, 10000, 8, 8930103
10, 10000, 9, 8603635
10, 10000, 10, 15932990
10, 10000, 11, 9246565
10, 10000, 12, 9723235
10, 10000, 13, 14689233
10, 10000, 14, 11183176
10, 10000, 15, 12605205
10, 10000, 16, 8863531
10, 10000, 17, 7819551
10, 10000, 18, 8061887
10, 10000, 19, 8673191
10, 10000, 20, 8684295
10, 10000, 21, 10792263
10, 10000, 22, 10835041
10, 10000, 23, 12175146
10, 10000, 24, 10388053
10, 10000, 25, 12476208
10, 10000, 26, 11824835
10, 10000, 27, 11937216
10, 10000, 28, 12951304
10, 10000, 29, 11581696
10, 10000, 30, 12843627
10, 10000, 31, 14386498
10, 10000, 32, 12402088
10, 10000, 33, 13222131
10, 10000, 34, 12821063
10, 10000, 35, 13150948
10, 10000, 36, 13097315
10, 10000, 37, 14073171
10, 10000, 38, 13672204
10, 10000, 39, 12557755
10, 10000, 40, 13678321
10, 10000, 41, 13157740
10, 10000, 42, 14815961
10, 10000, 43, 14679810
10, 10000, 44, 15914793
10, 10000, 45, 14923956
10, 10000, 46, 14524169
10, 10000, 47, 14671505
10, 10000, 48, 20004376
10, 10000, 49, 7308995
10, 10000, 50, 8412750
10, 10000, 51, 10854369
10, 10000, 52, 12208176
10, 10000, 53, 13907325
10, 10000, 54, 16171018
10, 10000, 55, 16093086
10, 10000, 56, 14639095
10, 10000, 57, 14418665
10, 10000, 58, 15692634
10, 10000, 59, 16179483
10, 10000, 60, 15393940
10, 10000, 61, 15468360
10, 10000, 62, 18739600
10, 10000, 63, 15526215
10, 10000, 64, 17184466
10, 10000, 65, 14902376
10, 10000, 66, 14949682
10, 10000, 67, 15191591
10, 10000, 68, 15893739
10, 10000, 69, 17954545
10, 10000, 70, 15736553
10, 10000, 71, 16266842
10, 10000, 72, 16333020
10, 10000, 73, 17418227
10, 10000, 74, 16235406
10, 10000, 75, 14189827
10, 10000, 76, 16831519
10, 10000, 77, 16686602
10, 10000, 78, 13882196
10, 10000, 79, 16343679
10, 10000, 80, 16021714
10, 10000, 81, 16996007
10, 10000, 82, 16139983
10, 10000, 83, 16992223
10, 10000, 84, 19407562
10, 10000, 85, 14457316
10, 10000, 86, 15068165
10, 10000, 87, 17754888
10, 10000, 88, 18171464
10, 10000, 89, 15125206
10, 10000, 90, 18113698
10, 10000, 91, 19543920
10, 10000, 92, 19573898
10, 10000, 93, 15899405
10, 10000, 94, 18037101
10, 10000, 95, 17933719
10, 10000, 96, 16037887
10, 10000, 97, 19270093
10, 10000, 98, 14606219
10, 10000, 99, 17332019
10, 10000, 100, 16907675
10, 10000, 101, 19368779
10, 10000, 102, 16357407
10, 10000, 103, 17911379
10, 10000, 104, 15540182
10, 10000, 105, 19159921
10, 10000, 106, 20195034
10, 10000, 107, 18971575
10, 10000, 108, 17328174
10, 10000, 109, 15961308
10, 10000, 110, 16386204
10, 10000, 111, 17694977
10, 10000, 112, 16342574
10, 100000, 1, 506208290
10, 100000, 2, 269707666
10, 100000, 3, 188101437
10, 100000, 4, 136860651
10, 100000, 5, 112238800
10, 100000, 6, 92202936
10, 100000, 7, 91067662
10, 100000, 8, 77311710
10, 100000, 9, 66113899
10, 100000, 10, 58553800
10, 100000, 11, 56468647
10, 100000, 12, 55384675
10, 100000, 13, 55131145
10, 100000, 14, 51358060
10, 100000, 15, 52733026
10, 100000, 16, 51513957
10, 100000, 17, 49209604
10, 100000, 18, 53506623
10, 100000, 19, 52903563
10, 100000, 20, 50295767
10, 100000, 21, 52460489
10, 100000, 22, 54586488
10, 100000, 23, 52780856
10, 100000, 24, 54216029
10, 100000, 25, 53110620
10, 100000, 26, 51063625
10, 100000, 27, 50462253
10, 100000, 28, 56614965
10, 100000, 29, 54850644
10, 100000, 30, 54145506
10, 100000, 31, 63225969
10, 100000, 32, 62133362
10, 100000, 33, 56089451
10, 100000, 34, 57710543
10, 100000, 35, 52047240
10, 100000, 36, 56255898
10, 100000, 37, 59307206
10, 100000, 38, 59772474
10, 100000, 39, 58686138
10, 100000, 40, 61592053
10, 100000, 41, 61418930
10, 100000, 42, 56486124
10, 100000, 43, 58647775
10, 100000, 44, 61734666
10, 100000, 45, 58160251
10, 100000, 46, 58477005
10, 100000, 47, 59045816
10, 100000, 48, 58764545
10, 100000, 49, 55358221
10, 100000, 50, 53553824
10, 100000, 51, 58152843
10, 100000, 52, 59416592
10, 100000, 53, 59654628
10, 100000, 54, 69862976
10, 100000, 55, 59595933
10, 100000, 56, 63879335
10, 100000, 57, 66435218
10, 100000, 58, 66714852
10, 100000, 59, 58994527
10, 100000, 60, 60348940
10, 100000, 61, 60488654
10, 100000, 62, 62261887
10, 100000, 63, 59471291
10, 100000, 64, 59426646
10, 100000, 65, 61845997
10, 100000, 66, 64315478
10, 100000, 67, 59369584
10, 100000, 68, 55269525
10, 100000, 69, 61256199
10, 100000, 70, 55301789
10, 100000, 71, 55683826
10, 100000, 72, 57345237
10, 100000, 73, 60475451
10, 100000, 74, 57307463
10, 100000, 75, 56055718
10, 100000, 76, 57351617
10, 100000, 77, 57267806
10, 100000, 78, 56405684
10, 100000, 79, 53038044
10, 100000, 80, 54720271
10, 100000, 81, 60347311
10, 100000, 82, 57322427
10, 100000, 83, 58792549
10, 100000, 84, 58861995
10, 100000, 85, 63238838
10, 100000, 86, 61581921
10, 100000, 87, 61390382
10, 100000, 88, 60620533
10, 100000, 89, 61007535
10, 100000, 90, 63210253
10, 100000, 91, 55307258
10, 100000, 92, 55568567
10, 100000, 93, 56663668
10, 100000, 94, 55560776
10, 100000, 95, 61584147
10, 100000, 96, 58219356
10, 100000, 97, 60913363
10, 100000, 98, 57257973
10, 100000, 99, 55640149
10, 100000, 100, 59431534
10, 100000, 101, 59645550
10, 100000, 102, 58894033
10, 100000, 103, 58501226
10, 100000, 104, 55394478
10, 100000, 105, 53822437
10, 100000, 106, 60081959
10, 100000, 107, 65304210
10, 100000, 108, 62676451
10, 100000, 109, 63101251
10, 100000, 110, 56402678
10, 100000, 111, 58763349
10, 100000, 112, 59801957
100, 10, 1, 10184524
100, 10, 2, 12205252
100, 10, 3, 15911202
100, 10, 4, 16321509
100, 10, 5, 20099132
100, 10, 6, 20133529
100, 10, 7, 20907920
100, 10, 8, 19244339
100, 10, 9, 19696030
100, 10, 10, 19543739
100, 10, 11, 19204901
100, 10, 12, 18404685
100, 10, 13, 20436295
100, 10, 14, 20119682
100, 10, 15, 20585639
100, 10, 16, 21016055
100, 10, 17, 19106683
100, 10, 18, 19828701
100, 10, 19, 20314498
100, 10, 20, 20740585
100, 10, 21, 21449171
100, 10, 22, 22027490
100, 10, 23, 22324090
100, 10, 24, 22093940
100, 10, 25, 20874026
100, 10, 26, 22719363
100, 10, 27, 22743973
100, 10, 28, 22693425
100, 10, 29, 22751124
100, 10, 30, 22406517
100, 10, 31, 23016670
100, 10, 32, 23817416
100, 10, 33, 22615333
100, 10, 34, 22698993
100, 10, 35, 25037418
100, 10, 36, 24209757
100, 10, 37, 26330164
100, 10, 38, 24193343
100, 10, 39, 27109267
100, 10, 40, 24366398
100, 10, 41, 26338371
100, 10, 42, 24927739
100, 10, 43, 26022885
100, 10, 44, 25861171
100, 10, 45, 26529227
100, 10, 46, 24259069
100, 10, 47, 26288765
100, 10, 48, 24799701
100, 10, 49, 25982026
100, 10, 50, 26176556
100, 10, 51, 24909957
100, 10, 52, 26066255
100, 10, 53, 25585965
100, 10, 54, 25843497
100, 10, 55, 30329950
100, 10, 56, 26661893
100, 10, 57, 26096126
100, 10, 58, 31416440
100, 10, 59, 31864572
100, 10, 60, 30722342
100, 10, 61, 27609670
100, 10, 62, 30341316
100, 10, 63, 27546912
100, 10, 64, 25661657
100, 10, 65, 27001142
100, 10, 66, 28122632
100, 10, 67, 26356227
100, 10, 68, 26636183
100, 10, 69, 32406129
100, 10, 70, 33036078
100, 10, 71, 33686725
100, 10, 72, 26966510
100, 10, 73, 32689028
100, 10, 74, 31126460
100, 10, 75, 30993050
100, 10, 76, 30913150
100, 10, 77, 27753965
100, 10, 78, 30407101
100, 10, 79, 27521209
100, 10, 80, 27103780
100, 10, 81, 27258531
100, 10, 82, 27552497
100, 10, 83, 30752943
100, 10, 84, 29871838
100, 10, 85, 30605541
100, 10, 86, 28213884
100, 10, 87, 30746159
100, 10, 88, 30915316
100, 10, 89, 32232399
100, 10, 90, 31945617
100, 10, 91, 28186525
100, 10, 92, 28787343
100, 10, 93, 28410069
100, 10, 94, 31003769
100, 10, 95, 28940286
100, 10, 96, 32499832
100, 10, 97, 28541244
100, 10, 98, 28167769
100, 10, 99, 30104031
100, 10, 100, 28455271
100, 10, 101, 31108888
100, 10, 102, 30720033
100, 10, 103, 28348681
100, 10, 104, 35238556
100, 10, 105, 32998037
100, 10, 106, 28236992
100, 10, 107, 33137278
100, 10, 108, 30928807
100, 10, 109, 31047689
100, 10, 110, 27869835
100, 10, 111, 31626643
100, 10, 112, 27178494
100, 100, 1, 24395391
100, 100, 2, 15206119
100, 100, 3, 13923153
100, 100, 4, 14665904
100, 100, 5, 19854829
100, 100, 6, 17563014
100, 100, 7, 18340067
100, 100, 8, 18499912
100, 100, 9, 20905988
100, 100, 10, 18569386
100, 100, 11, 17145045
100, 100, 12, 19959996
100, 100, 13, 18733184
100, 100, 14, 20765851
100, 100, 15, 20561905
100, 100, 16, 19822563
100, 100, 17, 19921829
100, 100, 18, 19887861
100, 100, 19, 20856485
100, 100, 20, 22024060
100, 100, 21, 21831947
100, 100, 22, 21855967
100, 100, 23, 22516536
100, 100, 24, 21424390
100, 100, 25, 21781555
100, 100, 26, 23294899
100, 100, 27, 22137415
100, 100, 28, 21117580
100, 100, 29, 22995954
100, 100, 30, 23824046
100, 100, 31, 21486760
100, 100, 32, 23115836
100, 100, 33, 23327869
100, 100, 34, 25276822
100, 100, 35, 21805629
100, 100, 36, 24299410
100, 100, 37, 25907803
100, 100, 38, 24761119
100, 100, 39, 25731636
100, 100, 40, 25022609
100, 100, 41, 25807344
100, 100, 42, 25359835
100, 100, 43, 25653204
100, 100, 44, 31742115
100, 100, 45, 25764270
100, 100, 46, 25035455
100, 100, 47, 25508663
100, 100, 48, 24569098
100, 100, 49, 25358718
100, 100, 50, 24844190
100, 100, 51, 25811186
100, 100, 52, 25160121
100, 100, 53, 24967298
100, 100, 54, 24550980
100, 100, 55, 26290460
100, 100, 56, 25442567
100, 100, 57, 26082239
100, 100, 58, 25847280
100, 100, 59, 26013250
100, 100, 60, 27863970
100, 100, 61, 26413573
100, 100, 62, 26880432
100, 100, 63, 26277425
100, 100, 64, 25727654
100, 100, 65, 27510682
100, 100, 66, 25908626
100, 100, 67, 26933864
100, 100, 68, 27070804
100, 100, 69, 30695614
100, 100, 70, 26751864
100, 100, 71, 27275077
100, 100, 72, 27221231
100, 100, 73, 25920453
100, 100, 74, 27527363
100, 100, 75, 27457138
100, 100, 76, 26633013
100, 100, 77, 26830387
100, 100, 78, 32423803
100, 100, 79, 26994985
100, 100, 80, 31103310
100, 100, 81, 26898619
100, 100, 82, 34085547
100, 100, 83, 27946954
100, 100, 84, 31170945
100, 100, 85, 27547050
100, 100, 86, 31340651
100, 100, 87, 33524271
100, 100, 88, 27614968
100, 100, 89, 33024364
100, 100, 90, 30311654
100, 100, 91, 27139517
100, 100, 92, 27313278
100, 100, 93, 27194232
100, 100, 94, 27429819
100, 100, 95, 31115218
100, 100, 96, 27827306
100, 100, 97, 31177234
100, 100, 98, 32815558
100, 100, 99, 30942887
100, 100, 100, 30614251
100, 100, 101, 31528676
100, 100, 102, 25772212
100, 100, 103, 25789926
100, 100, 104, 32282846
100, 100, 105, 30608863
100, 100, 106, 25577935
100, 100, 107, 33288238
100, 100, 108, 33373767
100, 100, 109, 27335486
100, 100, 110, 29029149
100, 100, 111, 33483550
100, 100, 112, 32268833
100, 1000, 1, 68734744
100, 1000, 2, 34615286
100, 1000, 3, 32574159
100, 1000, 4, 22465983
100, 1000, 5, 23358478
100, 1000, 6, 19003012
100, 1000, 7, 20420519
100, 1000, 8, 19064939
100, 1000, 9, 17466433
100, 1000, 10, 16913562
100, 1000, 11, 18763286
100, 1000, 12, 15165594
100, 1000, 13, 15308814
100, 1000, 14, 15919930
100, 1000, 15, 14720728
100, 1000, 16, 18023197
100, 1000, 17, 14477239
100, 1000, 18, 17192175
100, 1000, 19, 19211623
100, 1000, 20, 18187736
100, 1000, 21, 21050999
100, 1000, 22, 21872227
100, 1000, 23, 20664249
100, 1000, 24, 21608776
100, 1000, 25, 20163404
100, 1000, 26, 20932547
100, 1000, 27, 21137306
100, 1000, 28, 22167427
100, 1000, 29, 24015520
100, 1000, 30, 22033075
100, 1000, 31, 22459523
100, 1000, 32, 24006891
100, 1000, 33, 23164710
100, 1000, 34, 22740272
100, 1000, 35, 24637962
100, 1000, 36, 23970274
100, 1000, 37, 24529881
100, 1000, 38, 25103349
100, 1000, 39, 24655854
100, 1000, 40, 24745930
100, 1000, 41, 24587207
100, 1000, 42, 25388877
100, 1000, 43, 24796135
100, 1000, 44, 25024155
100, 1000, 45, 24502855
100, 1000, 46, 25082697
100, 1000, 47, 26260818
100, 1000, 48, 24784678
100, 1000, 49, 26176312
100, 1000, 50, 26355073
100, 1000, 51, 24384637
100, 1000, 52, 30792143
100, 1000, 53, 25190030
100, 1000, 54, 27363840
100, 1000, 55, 30216297
100, 1000, 56, 26208958
100, 1000, 57, 25451835
100, 1000, 58, 27101841
100, 1000, 59, 25637666
100, 1000, 60, 26003321
100, 1000, 61, 31410964
100, 1000, 62, 31113344
100, 1000, 63, 31164116
100, 1000, 64, 26111366
100, 1000, 65, 26770519
100, 1000, 66, 26461226
100, 1000, 67, 30804982
100, 1000, 68, 31075501
100, 1000, 69, 30279852
100, 1000, 70, 27291770
100, 1000, 71, 32406173
100, 1000, 72, 26175146
100, 1000, 73, 32329843
100, 1000, 74, 32153074
100, 1000, 75, 31544445
100, 1000, 76, 27848716
100, 1000, 77, 26321171
100, 1000, 78, 32866550
100, 1000, 79, 27273851
100, 1000, 80, 32305297
100, 1000, 81, 26299576
100, 1000, 82, 33232324
100, 1000, 83, 26232926
100, 1000, 84, 27113572
100, 1000, 85, 32980567
100, 1000, 86, 32814484
100, 1000, 87, 32459674
100, 1000, 88, 32179491
100, 1000, 89, 31789262
100, 1000, 90, 32920408
100, 1000, 91, 32542410
100, 1000, 92, 31824496
100, 1000, 93, 28790156
100, 1000, 94, 28977523
100, 1000, 95, 26938603
100, 1000, 96, 27334963
100, 1000, 97, 26966039
100, 1000, 98, 32493970
100, 1000, 99, 31988041
100, 1000, 100, 27835072
100, 1000, 101, 31291545
100, 1000, 102, 30681302
100, 1000, 103, 30654408
100, 1000, 104, 26770403
100, 1000, 105, 32513750
100, 1000, 106, 31182503
100, 1000, 107, 26050778
100, 1000, 108, 28488110
100, 1000, 109, 32544600
100, 1000, 110, 31186596
100, 1000, 111, 31633194
100, 1000, 112, 27810374
100, 10000, 1, 515755024
100, 10000, 2, 269799695
100, 10000, 3, 177636079
100, 10000, 4, 142612880
100, 10000, 5, 113821761
100, 10000, 6, 102796372
100, 10000, 7, 89524544
100, 10000, 8, 80566780
100, 10000, 9, 72144430
100, 10000, 10, 57270543
100, 10000, 11, 64656566
100, 10000, 12, 57351632
100, 10000, 13, 55451823
100, 10000, 14, 51268283
100, 10000, 15, 46992056
100, 10000, 16, 44593183
100, 10000, 17, 40728126
100, 10000, 18, 37421565
100, 10000, 19, 37092008
100, 10000, 20, 35049761
100, 10000, 21, 35671758
100, 10000, 22, 34079748
100, 10000, 23, 34315935
100, 10000, 24, 29561823
100, 10000, 25, 29678012
100, 10000, 26, 27521475
100, 10000, 27, 28305409
100, 10000, 28, 25743363
100, 10000, 29, 25264242
100, 10000, 30, 26178157
100, 10000, 31, 26873179
100, 10000, 32, 23948705
100, 10000, 33, 24986053
100, 10000, 34, 24007772
100, 10000, 35, 22680720
100, 10000, 36, 22488149
100, 10000, 37, 22768173
100, 10000, 38, 22956720
100, 10000, 39, 22080400
100, 10000, 40, 21532267
100, 10000, 41, 21799891
100, 10000, 42, 21507485
100, 10000, 43, 22000812
100, 10000, 44, 21560578
100, 10000, 45, 20884501
100, 10000, 46, 21869635
100, 10000, 47, 20484833
100, 10000, 48, 20924705
100, 10000, 49, 20538982
100, 10000, 50, 22138519
100, 10000, 51, 20156927
100, 10000, 52, 20263354
100, 10000, 53, 21795439
100, 10000, 54, 20367785
100, 10000, 55, 20473501
100, 10000, 56, 21868042
100, 10000, 57, 24379009
100, 10000, 58, 26313370
100, 10000, 59, 26544883
100, 10000, 60, 29461480
100, 10000, 61, 24859827
100, 10000, 62, 25857329
100, 10000, 63, 25670750
100, 10000, 64, 25583541
100, 10000, 65, 26303087
100, 10000, 66, 25741543
100, 10000, 67, 26972444
100, 10000, 68, 26682996
100, 10000, 69, 27008239
100, 10000, 70, 27069198
100, 10000, 71, 28633657
100, 10000, 72, 28366141
100, 10000, 73, 26496996
100, 10000, 74, 28542613
100, 10000, 75, 24801445
100, 10000, 76, 27155792
100, 10000, 77, 27154242
100, 10000, 78, 27888381
100, 10000, 79, 27690921
100, 10000, 80, 26296901
100, 10000, 81, 26486793
100, 10000, 82, 28330155
100, 10000, 83, 27417530
100, 10000, 84, 27435942
100, 10000, 85, 26749310
100, 10000, 86, 27287860
100, 10000, 87, 25642840
100, 10000, 88, 27577487
100, 10000, 89, 27172130
100, 10000, 90, 26921923
100, 10000, 91, 28730417
100, 10000, 92, 26669473
100, 10000, 93, 29773443
100, 10000, 94, 28681729
100, 10000, 95, 28103295
100, 10000, 96, 28341218
100, 10000, 97, 27178649
100, 10000, 98, 27717048
100, 10000, 99, 28277548
100, 10000, 100, 28626285
100, 10000, 101, 27321418
100, 10000, 102, 27639424
100, 10000, 103, 28195834
100, 10000, 104, 28994588
100, 10000, 105, 28485918
100, 10000, 106, 27890104
100, 10000, 107, 28178798
100, 10000, 108, 28206830
100, 10000, 109, 28956393
100, 10000, 110, 30810852
100, 10000, 111, 28283711
100, 10000, 112, 25887190
100, 100000, 1, 4881218733
100, 100000, 2, 2524534395
100, 100000, 3, 1701060417
100, 100000, 4, 1296759305
100, 100000, 5, 1045271637
100, 100000, 6, 980145258
100, 100000, 7, 748044311
100, 100000, 8, 657184422
100, 100000, 9, 582630952
100, 100000, 10, 525019501
100, 100000, 11, 479692705
100, 100000, 12, 441630168
100, 100000, 13, 408763062
100, 100000, 14, 384274119
100, 100000, 15, 363283857
100, 100000, 16, 358677581
100, 100000, 17, 345683631
100, 100000, 18, 328039917
100, 100000, 19, 311594748
100, 100000, 20, 313719365
100, 100000, 21, 301767597
100, 100000, 22, 291479568
100, 100000, 23, 283159670
100, 100000, 24, 279812200
100, 100000, 25, 268468018
100, 100000, 26, 254270606
100, 100000, 27, 244271843
100, 100000, 28, 244020510
100, 100000, 29, 236477866
100, 100000, 30, 232118192
100, 100000, 31, 230970191
100, 100000, 32, 227014742
100, 100000, 33, 220257503
100, 100000, 34, 218412232
100, 100000, 35, 217474269
100, 100000, 36, 211480837
100, 100000, 37, 212162592
100, 100000, 38, 206900596
100, 100000, 39, 206212897
100, 100000, 40, 201561408
100, 100000, 41, 201683802
100, 100000, 42, 197642585
100, 100000, 43, 194659833
100, 100000, 44, 193288021
